	-----	Hair [~Fragmented]	-----
	Success Rating: 0%
	Image Count: 2
	Unique Count: 2
	Unique IDs:
		ID: v: 131,97,80,62,69,102,68,67,91,74,64,81,78,62,73,82,61,69,88,62,65,95,66,66,102,70,64,109,74,63,114,77,62,122,84,64,132,96,73,134,98,75,137,107,92,139,113,103,144,117,106,144,119,113,144,116,111,143,115,104,154,120,103,154,116,95,157,118,86,160,115,74,162,110,58,167,112,53,170,116,56,189,157,133,186,147,109,177,127,79,186,151,121,181,137,91,180,135,91,182,140,98,180,134,87,182,138,94,182,141,102,178,133,88,174,123,72,187,161,146,162,108,49,164,110,53,164,114,64,166,124,85,161,117,76,150,99,51,149,99,51,122,69,44,118,67,43,119,70,45,123,76,47,127,83,55,123,83,62,118,82,72,106,70,60,96,61,58,83,49,57,80,50,61,78,51,64,72,51,70,72,55,80,68,59,93,60,62,106,61,78,139,h: 131,97,80,60,66,103,60,60,94,64,55,86,64,51,76,62,36,49,65,34,44,68,33,40,73,35,36,87,47,37,97,55,39,102,59,38,109,65,41,114,72,48,125,84,61,128,84,57,125,77,44,128,77,40,132,84,51,136,90,61,130,85,60,135,88,61,134,86,54,132,81,52,141,92,66,140,94,69,138,89,65,143,95,65,140,86,54,144,91,55,141,89,58,153,101,67,152,102,69,151,96,54,159,101,50,169,119,79,169,123,85,172,126,83,179,135,95,186,148,113,184,143,104,189,154,121,185,148,113,184,149,115,184,150,120,182,146,114,179,143,111,180,148,118,174,141,109,171,139,106,166,135,103,158,125,89,155,123,90,146,120,97,136,112,97,133,110,92,126,105,92,118,98,91,114,98,95,111,99,100,104,97,109,97,99,119,89,97,133,68,92,155,
			1. Batch0/hair1.bmp

		ID: v: 110,100,96,106,115,135,100,103,121,100,99,113,101,96,107,103,94,103,103,92,102,112,101,104,114,101,100,106,88,86,103,80,72,108,85,75,113,89,76,113,97,88,110,103,105,116,112,116,113,110,116,121,119,124,119,116,119,123,118,119,124,115,113,128,116,103,133,117,90,137,116,84,137,110,65,143,118,75,152,134,104,164,169,171,139,113,66,159,154,140,151,142,122,147,134,107,150,139,115,149,136,108,145,132,103,144,131,107,146,138,120,135,108,62,151,155,157,146,145,140,130,105,64,130,106,65,131,114,87,131,117,96,127,114,94,120,98,66,119,96,65,81,55,54,84,60,55,89,67,59,93,73,64,98,83,75,94,81,81,90,80,83,80,67,72,71,58,70,55,43,66,50,40,68,46,41,72,42,41,76,38,42,83,36,46,94,33,51,108,29,58,129,h: 110,100,96,43,69,124,45,56,103,47,48,86,49,45,77,50,44,74,54,45,72,59,46,66,67,53,65,78,64,66,88,75,70,97,79,65,102,87,74,105,90,75,111,102,92,112,98,83,112,93,70,112,92,65,112,100,87,115,102,90,111,98,86,110,98,86,110,94,81,111,93,80,117,103,92,117,103,94,118,103,93,123,106,91,119,99,79,124,102,77,119,99,82,128,110,93,131,115,98,131,106,78,133,110,76,142,129,106,140,127,109,137,120,95,144,130,107,149,138,119,146,130,103,149,143,130,150,143,127,151,140,120,154,147,132,153,143,124,148,136,112,145,137,123,140,130,117,136,123,104,131,117,101,130,112,91,131,115,96,127,113,102,119,111,111,118,106,102,111,99,102,99,85,95,98,86,97,92,85,100,90,84,104,83,80,105,78,83,116,75,102,147,
			1. Batch0/hair2.bmp


